367
1218
1419
714
518
1261
712
1704
1222
1633
1843
523
1585
523
1536
1034
1771
1033
242
1856
1655
1126
1819
475
199
1871
1832
1416
1995
406
1633
1122
1698
1827
455
1878
596
486
1612
845
144
996
531
1401
1498
1437
261
1645
640
1087
1998
1261
1004
1351
1283
1582
253
1600
1770
1641
1276
132
1882
1546
1186
1930
1991
247
743
979
1496
1809
1278
317
840
288
251
730
1077
212
1374
778
1921
940
877
1970
455
831
450
1985
43
1874
710
1218
1026
6
1966
312
299
1484
